[array([0.202514, 0.586723]), array([0.566581, 0.045364]), array([0.511508, 0.325146, 0.379547]), array([0.948389, 0.894513, 0.851638, 0.552196]), array([0.37454 , 0.950714, 0.731994, 0.598658]), array([0.950533, 0.022066, 0.982521, 0.086132, 0.814387]), array([0.005884, 0.491672, 0.32268 , 0.296307, 0.420428, 0.957164]), array([0.056447, 0.065956, 0.022929, 0.038786, 0.403935, 0.801055,
       0.488307, 0.893085])]
[array([0.489595, 0.116877]), array([0.723782, 0.206887]), array([0.624245, 0.12209 , 0.649638]), array([0.660226, 0.174945, 0.883471, 0.434892]), array([0.608145, 0.136893, 0.454197, 0.808606]), array([0.035314, 0.958363, 0.652373, 0.898668, 0.361383]), array([0.005102, 0.628278, 0.597548, 0.521903, 0.408464, 0.804825]), array([0.121691, 0.771271, 0.03259 , 0.825315, 0.045019, 0.960567,
       0.194183, 0.941319])]
[array([0.020026, 0.996624]), array([0.702637, 0.926564]), array([0.103448, 0.310345, 0.655172]), array([0.413793, 0.413793, 0.275862, 0.448276]), array([0.224189, 0.84648 , 0.879484, 0.878516]), array([0.728186, 0.154693, 0.732552, 0.693997, 0.056401]), array([0.012457, 0.520326, 0.58038 , 0.11014 , 0.350434, 0.713905]), array([0.119997, 0.027034, 0.268042, 0.182266, 0.646048, 0.361599,
       0.189501, 0.526882])]
[array([0.956717, 0.004359]), array([0.010819, 0.996021]), array([0.961652, 0.050285, 0.098238]), array([0.406239, 0.409937, 0.37737 , 0.422212]), array([0.258008, 0.925806, 0.879484, 0.957644]), array([0.097024, 0.177365, 0.70421 , 0.998443, 0.01298 ]), array([0.051113, 0.985239, 0.265632, 0.008732, 0.974812, 0.652092]), array([0.151419, 0.139627, 0.104801, 0.144751, 0.854834, 0.51486 ,
       0.167028, 0.492837])]
[array([0.985825, 0.98681 ]), array([0.999067, 0.028224]), array([0.997172, 0.018252, 0.743186]), array([0.006379, 0.978355, 0.965747, 0.395155]), array([0.274937, 0.803879, 0.952871, 0.996928]), array([0.800599, 0.033663, 0.962069, 0.962299, 0.009327]), array([0.025094, 0.105987, 0.131162, 0.177208, 0.382072, 0.610314]), array([0.110366, 0.24412 , 0.309408, 0.147372, 0.900342, 0.686379,
       0.048773, 0.630922])]
[array([0.044772, 0.931757]), array([0.702637, 0.926564]), array([0.103448, 0.103448, 0.103448]), array([0.27782 , 0.341278, 0.509264, 0.438066]), array([0.701628, 0.298494, 0.517804, 0.511965]), array([0.728186, 0.154693, 0.732552, 0.693997, 0.056401]), array([0.715287, 0.505523, 0.435563, 0.028153, 0.06813 , 0.915579]), array([0.151419, 0.139627, 0.104801, 0.144751, 0.854834, 0.51486 ,
       0.167028, 0.492837])]
[array([0.951495, 0.745322]), array([0.702637, 0.926564]), array([0.021216, 0.186651, 0.953626]), array([0.95, 0.95, 0.95, 0.95]), array([0.071846, 0.99024 , 0.96578 , 0.979771]), array([0.450527, 0.380067, 0.543016, 0.810173, 0.129016]), array([0.662104, 0.603671, 0.744697, 0.956912, 0.781182, 0.974278]), array([0.210757, 0.086417, 0.047402, 0.203606, 0.996764, 0.395799,
       0.195777, 0.399168])]
[array([0.549305, 0.180901]), array([0.691693, 0.080155]), array([0.619828, 0.685527, 0.375978]), array([0.413008, 0.440454, 0.426043, 0.416863]), array([0., 1., 1., 1.]), array([0.429196, 0.261639, 0.536796, 0.81513 , 0.041502]), array([0.      , 0.      , 0.      , 0.034484, 0.368996, 0.616724]), array([0.101435, 0.206342, 0.076687, 0.      , 0.699399, 0.32156 ,
       0.194339, 0.656692])]
[array([0.15, 0.85]), array([0.892058, 0.938487]), array([0.41036 , 0.735796, 0.39901 ]), array([0.395886, 0.3818  , 0.396143, 0.456659]), array([0.     , 0.80105, 1.     , 1.     ]), array([0.446483, 0.441671, 0.817639, 0.863743, 0.203564]), array([0.      , 0.      , 0.      , 0.172965, 0.384806, 0.748705]), array([0.      , 0.      , 0.102646, 0.      , 1.      , 0.584613,
       0.145007, 0.      ])]
[array([0.      , 0.746233]), array([0.709026, 0.537239]), array([0.661462, 0.748041, 0.43431 ]), array([0.430961, 0.433217, 0.408801, 0.417022]), array([0.150895, 1.      , 1.      , 1.      ]), array([0.505645, 0.246502, 0.557096, 1.      , 0.209528]), array([0.      , 0.      , 0.254788, 0.18643 , 0.35439 , 0.590891]), array([0.17496 , 0.112726, 0.192526, 0.      , 0.875491, 0.572734,
       0.215859, 0.341431])]
[array([0.736641, 0.749167]), array([0.65755 , 0.955661]), array([0.621312, 0.709863, 0.405131]), array([0.372232, 0.407112, 0.395773, 0.395572]), array([1., 1., 1., 1.]), array([0.458673, 0.350278, 0.666463, 0.725446, 0.      ]), array([0.      , 0.      , 0.239477, 0.198817, 0.339326, 0.553724]), array([0.147254, 0.085533, 0.173064, 0.046401, 0.884057, 0.495864,
       0.200674, 0.587829])]
[array([0.343316, 0.742014]), array([0.679673, 0.94528 ]), array([0.394218, 0.74901 , 0.399618]), array([0.402456, 0.435076, 0.381556, 0.40905 ]), array([2., 2., 2., 2.]), array([0.495229, 0.390783, 0.519334, 0.784813, 0.      ]), array([0.      , 0.      , 0.300292, 0.196026, 0.351154, 0.590462]), array([0.138777, 0.142713, 0.168372, 0.123994, 0.921337, 0.455911,
       0.185383, 0.542299])]
[array([0.702002, 0.959096]), array([0.693461, 0.106392]), array([0.475858, 0.776268, 0.396219]), array([0.394217, 0.402296, 0.361628, 0.414213]), array([2.5, 2.5, 2.5, 2.5]), array([0.427647, 0.373432, 0.6718  , 0.629241, 0.      ]), array([0.001295, 0.      , 0.356098, 0.213094, 0.336395, 0.592177]), array([0.251633, 0.187607, 0.170179, 0.145161, 0.746172, 0.460039,
       0.192179, 0.518221])]